$ 1 0.000005 10.20027730826997 50 5 43 5e-11
a 224 304 224 384 9 10.8 -10.8 1000000 -0.6043861069901326 -0.6043741791830228 100000
t 208 208 240 208 0 1 -14.071552924962221 -1.7971787457791983 100 default
w 240 192 240 144 0
R 240 144 240 112 0 0 40 11.67 0 0 0.5
r 240 144 320 144 0 22000
174 320 192 288 256 1 20000 0.5594 Resistance
w 320 144 320 192 0
w 288 224 240 224 0
r 320 256 320 320 0 22000
R 320 320 320 368 0 0 40 -12 0 0 0.5
r 176 304 176 384 0 22000
w 176 304 208 304 0
w 176 384 224 384 0
w 208 208 176 208 0
R 80 160 32 160 0 4 50 5 0 0 0.5
O 80 160 80 112 0 0
O 864 464 912 464 0 0
r 176 208 176 304 0 22000
w 224 384 224 416 0
a 368 432 448 432 8 10.8 -10.8 1000000 0.10252698798396409 0 100000
r 448 432 512 432 0 100000
d 512 480 512 432 2 1N4148
r 448 384 368 384 0 100000
w 448 384 448 432 0
w 368 384 368 416 0
r 368 416 288 416 0 10000
g 368 448 368 464 0 0
172 80 208 32 208 0 7 -3.44 4 -4 0 0.5 Offset
w 176 208 176 160 0
r 176 208 80 208 0 10000
r 176 160 80 160 0 10000
w 240 224 240 304 0
x 334 228 394 231 4 12 Tri\sSymetry
x 14 233 45 236 4 12 Offset
x 21 122 47 125 4 12 Input
g 512 480 512 496 0 0
a 576 448 656 448 8 10.8 -10.8 1000000 -0.5065515240054397 0 100000
r 656 448 720 448 0 100000
r 576 400 656 400 0 100000
r 720 352 720 416 0 110000
g 576 496 576 512 0 0
w 576 464 576 496 0
w 576 432 512 432 0
R 512 368 512 336 0 0 40 -11.67 0 0 0.5
r 512 368 512 432 0 82000
w 576 400 576 432 0
w 656 400 656 448 0
w 800 416 800 464 0
w 720 416 720 448 0
w 720 480 720 512 0
g 720 512 720 528 0 0
r 720 416 800 416 0 100000
r 800 464 864 464 0 1000
a 720 464 800 464 8 10.8 -10.8 1000000 0.0000019095418023079773 0 100000
R 720 352 720 320 0 0 40 -11.67 0 0 0.5
w 224 416 288 416 0
o 15 16 0 4098 20 0.1 0 2 16 0
o 15 16 0 12482 5e-24 1e-25 1 2 16 0
