$ 1 0.000005 10.20027730826997 50 5 43 5e-11
a 224 304 224 384 9 12 -12 1000000 2.596628958833957 2.596649407365213 100000
t 208 208 240 208 0 1 -8.851595207935581 0.5517553846992049 100 default
w 240 192 240 144 0
R 240 144 240 112 0 0 40 12 0 0 0.5
r 240 144 320 144 0 22000
174 320 192 288 256 1 20000 0.5495000000000001 Resistance
w 320 144 320 192 0
w 288 224 240 224 0
r 320 256 320 320 0 22000
R 320 320 320 368 0 0 40 -12 0 0 0.5
r 176 304 176 384 0 22000
w 176 304 208 304 0
w 176 384 224 384 0
w 208 208 176 208 0
R 80 160 32 160 0 4 40 5 0 0 0.5
O 80 160 80 112 0 0
O 432 384 480 384 0 0
r 176 208 176 304 0 22000
w 224 384 224 416 0
a 304 432 384 432 8 15 -15 1000000 1.6846390579594583 0 100000
r 384 432 432 432 0 1000
d 432 480 432 432 2 1N4148
r 432 384 304 384 0 22000
w 432 384 432 432 0
w 304 384 304 416 0
r 304 416 224 416 0 4700
g 304 448 304 464 0 0
R 432 480 432 512 0 0 40 0.75 0 0 0.5
172 80 208 32 208 0 7 1.6799999999999997 4 -4 0 0.5 Offset
w 176 208 176 160 0
r 176 208 80 208 0 10000
r 176 160 80 160 0 10000
w 240 224 240 304 0
x 334 228 394 231 4 12 Tri\sSymetry
x 14 233 45 236 4 12 Offset
x 21 122 47 125 4 12 Input
x 450 480 549 483 4 12 Output\sZero\sOffset
o 15 16 0 4098 20 0.1 0 2 16 0
o 15 16 0 12482 5e-24 1e-25 1 2 16 0
