$ 1 0.000005 10.20027730826997 50 5 43 5e-11
a 224 304 224 384 9 10.8 -10.8 1000000 0 0 100000
t 208 208 240 208 0 1 0 0 100 default
w 240 192 240 144 0
R 240 144 240 112 0 0 40 11.67 0 0 0.5
r 240 144 320 144 0 22000
174 320 192 288 256 1 20000 0.5594 Symmetry
w 320 144 320 192 0
w 288 224 240 224 0
r 320 256 320 320 0 22000
R 320 320 320 352 0 0 40 -12 0 0 0.5
r 176 304 176 384 0 22000
w 176 304 208 304 0
w 176 384 224 384 0
w 208 208 176 208 0
R 0 48 -48 48 0 4 50 1.4 0 0 0.5
O 0 144 0 96 0 0
O 864 464 912 464 0 0
r 176 208 176 304 0 22000
w 224 384 224 416 0
a 368 432 448 432 8 10.8 -10.8 1000000 0 0 100000
r 448 432 512 432 0 100000
d 512 480 512 432 2 1N4148
r 448 384 368 384 0 100000
w 448 384 448 432 0
w 368 384 368 416 0
r 368 416 288 416 0 10000
g 368 448 368 464 0 0
w 176 208 176 144 0
r 96 192 0 192 0 100000
r 96 144 0 144 0 100000
w 240 224 240 304 0
x 334 228 394 231 4 12 Tri\sSymetry
g 512 480 512 496 0 0
a 576 448 656 448 8 10.8 -10.8 1000000 0 0 100000
r 656 448 720 448 0 100000
r 576 400 656 400 0 100000
r 720 352 720 416 0 108000
g 576 496 576 512 0 0
w 576 464 576 496 0
w 576 432 512 432 0
R 512 368 512 336 0 0 40 -11.67 0 0 0.5
r 512 368 512 432 0 91000
w 576 400 576 432 0
w 656 400 656 448 0
w 800 416 800 464 0
w 720 416 720 448 0
w 720 480 720 512 0
g 720 512 720 528 0 0
r 720 416 800 416 0 122000
r 800 464 864 464 0 1000
a 720 464 800 464 8 10.8 -10.8 1000000 0 0 100000
R 720 352 720 320 0 0 40 -11.67 0 0 0.5
w 224 416 288 416 0
174 -112 432 -80 368 1 50000 0.5 Offset
w 0 400 -80 400 0
r -112 368 -112 304 0 10000
r -112 432 -112 496 0 10000
R -112 304 -112 272 0 0 40 -11.67 0 0 0.5
R -112 496 -112 528 0 0 40 11.67 0 0 0.5
w 0 192 0 400 0
R -176 240 -176 272 0 0 40 11.67 0 0 0.5
R -176 48 -176 16 0 0 40 -11.67 0 0 0.5
r -176 176 -176 240 0 22000
r -176 112 -176 48 0 22000
w 0 144 -144 144 0
174 -176 176 -144 112 1 50000 0.5 Scan
r 96 48 0 48 0 100000
O 0 48 0 0 0 0
a 96 208 176 208 8 15 -15 1000000 0 0 100000
r 176 144 96 144 0 100000
g 96 224 96 240 0 0
w 96 144 96 192 0
w 96 48 96 144 0
o 15 16 0 4098 10 0.1 0 3 16 0 67 0
o 15 16 0 12482 5e-24 1e-25 1 2 16 0
38 14 F1 0 0 5 -1 CV\sAmt
